Data//Environnement//Decors//mur_pierre.png
7
222 166 231
54
2 1 126 190 190
130 1 126 193 193
257 1 127 190 190
385 1 126 188 188
513 1 126 191 191
641 1 126 190 190
769 1 126 97 97
769 100 126 95 95
769 196 129 94 94
897 1 125 129 129
896 131 113 149 149
1 192 64 96 96
66 192 64 97 97
191 195 66 93 93
258 194 61 95 95
382 193 67 90 90
449 192 63 92 92
575 193 96 95 95
672 193 96 97 97
768 291 130 97 97
766 391 131 117 117
576 289 129 129 129
448 286 127 133 133
1 290 94 195 195
96 291 95 192 192
192 290 127 160 160
320 290 126 165 165
447 420 129 92 92
577 419 127 98 98
1 496 127 175 175
129 496 127 173 173
257 496 127 175 175
385 511 126 162 162
512 510 128 162 162
642 513 125 160 160
1 673 127 190 190
129 672 128 190 190
258 673 125 188 188
384 674 127 190 190
513 674 123 190 190
642 674 125 190 190
1 865 125 158 158
127 864 127 159 159
255 863 128 127 127
384 865 127 96 96
512 865 127 94 94
640 865 126 95 95
256 991 65 32 32
322 991 62 32 32
384 962 127 32 32
386 991 63 32 32
450 994 62 30 30
512 961 127 62 62
640 961 127 62 62
$