Data//Environnement//Decors//mur_donjon.png
8
148 69 156
27
1 1 127 93 93
129 0 128 192 192
258 0 126 192 192
385 0 117 103 103
385 104 108 166 166
385 270 109 146 146
1 95 127 98 98
1 195 127 92 92
129 193 125 199 199
257 193 127 215 215
1 289 126 205 205
128 393 90 117 117
220 403 70 108 108
291 408 56 103 103
348 411 60 102 102
1 510 126 194 194
129 512 127 192 192
257 512 126 193 193
385 515 112 149 149
1 706 127 198 198
129 706 126 200 200
256 706 128 204 204
384 664 112 157 157
386 823 102 104 104
0 905 131 118 118
133 905 125 118 118
259 921 125 102 102
$