Data//Environnement//Decors//mur_grotte.png
5
24 255 33
42
1 1 126 237 237
129 1 126 187 187
257 2 128 165 165
386 2 125 171 171
512 2 127 215 215
640 1 128 212 212
769 1 127 220 220
897 1 126 219 219
864 225 83 141 141
948 225 75 141 141
511 221 128 226 226
1 273 126 230 230
129 190 127 192 192
128 384 128 121 121
257 169 128 184 184
386 175 121 180 180
259 355 123 157 157
384 357 99 154 154
768 401 97 110 110
939 401 84 110 110
896 560 127 194 194
768 512 126 196 196
640 513 126 192 192
512 512 126 192 192
0 506 126 227 227
127 507 130 225 225
258 507 125 227 227
384 507 126 226 226
0 735 126 223 223
127 734 128 176 176
257 735 126 224 224
385 735 126 175 175
128 929 95 94 94
417 929 97 94 94
514 880 93 143 143
512 706 127 173 173
640 706 127 172 172
768 709 127 125 125
896 756 127 130 130
897 888 126 134 134
768 835 128 140 140
641 881 126 142 142
$