Data//Environnement//Decors//palissade.png
6
206 142 214
38
1 1 126 163 163
128 1 128 162 162
273 2 78 123 123
352 1 63 99 99
416 1 95 145 145
416 148 95 138 138
417 287 94 92 92
417 380 94 84 84
385 465 126 142 142
1 165 125 185 185
127 165 128 186 186
257 129 79 142 142
273 273 78 174 174
352 101 62 90 90
353 192 61 94 94
0 352 127 169 169
127 352 128 95 95
129 448 126 93 93
130 543 125 99 99
1 533 126 162 162
353 337 62 93 93
290 449 77 173 173
257 625 78 93 93
1 697 126 181 181
128 643 127 92 92
129 736 63 47 47
353 641 31 94 94
385 626 126 132 132
385 760 126 139 139
257 737 88 94 94
346 737 21 93 93
130 817 63 78 78
197 801 55 98 98
260 832 74 94 94
1 898 127 125 125
129 902 126 116 116
257 929 94 94 94
385 900 126 123 123
$