Data//Environnement//Decors//ruines.png
4
156 109 66
36
1 1 204 190 190
208 2 157 190 190
367 2 141 93 93
418 97 90 125 125
510 2 240 236 236
1 209 190 156 156
193 192 190 190 190
785 2 237 237 237
865 241 78 61 61
945 257 78 71 71
401 241 109 124 124
417 366 94 138 138
513 273 280 238 238
796 320 226 191 191
849 514 109 92 92
721 512 108 94 94
626 512 76 94 94
513 513 94 93 93
417 506 94 132 132
513 625 110 77 77
641 626 78 108 108
738 625 108 78 78
866 625 92 109 109
370 674 141 125 125
305 513 93 158 158
274 402 109 108 108
145 418 109 90 90
197 512 90 158 158
1 514 189 172 172
1 753 141 126 126
161 754 142 124 124
337 817 173 93 93
337 930 173 92 92
161 898 142 125 125
1 897 141 125 125
1 385 125 125 125
$